[gd_scene load_steps=8 format=3 uid="uid://8ryvmrpmaubt"]

[ext_resource type="PackedScene" uid="uid://6d3p60gai2kx" path="res://assets/people/peasant_1.fbx" id="1_lq56h"]
[ext_resource type="Texture2D" uid="uid://c6jhvklx5hxjl" path="res://assets/Textures/people_texture_map.png" id="2_snpd1"]

[sub_resource type="StandardMaterial3D" id="StandardMaterial3D_24dk4"]
albedo_texture = ExtResource("2_snpd1")

[sub_resource type="CapsuleShape3D" id="CapsuleShape3D_05gq0"]
radius = 0.00249154
height = 0.0221691

[sub_resource type="Animation" id="Animation_u1g37"]
resource_name = "arms_down"
loop_mode = 1
tracks/0/type = "rotation_3d"
tracks/0/imported = false
tracks/0/enabled = true
tracks/0/path = NodePath("Armature/Skeleton3D:Root")
tracks/0/interp = 1
tracks/0/loop_wrap = true
tracks/0/keys = PackedFloat32Array(0, 1, 1.05329e-09, 0.999903, 0.0139615, -7.54906e-08, 0.5, 1, 1.05329e-09, 0.999903, 0.0139615, -7.54906e-08)
tracks/1/type = "rotation_3d"
tracks/1/imported = false
tracks/1/enabled = true
tracks/1/path = NodePath("Armature/Skeleton3D:Pelvis")
tracks/1/interp = 1
tracks/1/loop_wrap = true
tracks/1/keys = PackedFloat32Array(0, 1, -0.118373, -4.55211e-08, -2.33771e-09, 0.992969, 0.5, 1, -0.118373, -4.55211e-08, -2.33771e-09, 0.992969)
tracks/2/type = "rotation_3d"
tracks/2/imported = false
tracks/2/enabled = true
tracks/2/path = NodePath("Armature/Skeleton3D:Spine_01")
tracks/2/interp = 1
tracks/2/loop_wrap = true
tracks/2/keys = PackedFloat32Array(0, 1, 0.146572, -7.17804e-08, -4.075e-08, 0.9892, 0.5, 1, 0.146572, -7.17804e-08, -4.075e-08, 0.9892)
tracks/3/type = "rotation_3d"
tracks/3/imported = false
tracks/3/enabled = true
tracks/3/path = NodePath("Armature/Skeleton3D:Spine_02")
tracks/3/interp = 1
tracks/3/loop_wrap = true
tracks/3/keys = PackedFloat32Array(0, 1, 0.0526154, 1.27233e-08, -1.79415e-08, 0.998615, 0.5, 1, 0.0526154, 1.27233e-08, -1.79415e-08, 0.998615)
tracks/4/type = "rotation_3d"
tracks/4/imported = false
tracks/4/enabled = true
tracks/4/path = NodePath("Armature/Skeleton3D:Spine_03")
tracks/4/interp = 1
tracks/4/loop_wrap = true
tracks/4/keys = PackedFloat32Array(0, 1, 0.0743716, 1.0248e-08, -1.65091e-08, 0.997231, 0.5, 1, 0.0743716, 1.0248e-08, -1.65091e-08, 0.997231)
tracks/5/type = "rotation_3d"
tracks/5/imported = false
tracks/5/enabled = true
tracks/5/path = NodePath("Armature/Skeleton3D:Neck_01")
tracks/5/interp = 1
tracks/5/loop_wrap = true
tracks/5/keys = PackedFloat32Array(0, 1, -0.348421, -1.15318e-08, 2.87373e-08, 0.937338, 0.5, 1, -0.348421, -1.15318e-08, 2.87373e-08, 0.937338)
tracks/6/type = "rotation_3d"
tracks/6/imported = false
tracks/6/enabled = true
tracks/6/path = NodePath("Armature/Skeleton3D:Head")
tracks/6/interp = 1
tracks/6/loop_wrap = true
tracks/6/keys = PackedFloat32Array(0, 1, -5.88596e-07, -6.03011e-10, -5.20506e-10, 1, 0.5, 1, -5.88596e-07, -6.03011e-10, -5.20506e-10, 1)
tracks/7/type = "rotation_3d"
tracks/7/imported = false
tracks/7/enabled = true
tracks/7/path = NodePath("Armature/Skeleton3D:Clavicle_L")
tracks/7/interp = 1
tracks/7/loop_wrap = true
tracks/7/keys = PackedFloat32Array(0, 1, 0.124446, 0.315368, 0.635497, 0.693685, 0.5, 1, 0.124446, 0.315368, 0.635497, 0.693685)
tracks/8/type = "rotation_3d"
tracks/8/imported = false
tracks/8/enabled = true
tracks/8/path = NodePath("Armature/Skeleton3D:Upperarm_L")
tracks/8/interp = 1
tracks/8/loop_wrap = true
tracks/8/keys = PackedFloat32Array(0, 1, -0.29728, 0.00890972, 0.0254961, 0.954408, 0.5, 1, -0.29728, 0.00890972, 0.0254961, 0.954408)
tracks/9/type = "rotation_3d"
tracks/9/imported = false
tracks/9/enabled = true
tracks/9/path = NodePath("Armature/Skeleton3D:Lowerarm_L")
tracks/9/interp = 1
tracks/9/loop_wrap = true
tracks/9/keys = PackedFloat32Array(0, 1, -0.0292709, -0.000168942, -0.0341804, 0.998987, 0.5, 1, -0.0227842, 0.00311256, 0.628332, 0.777606)
tracks/10/type = "rotation_3d"
tracks/10/imported = false
tracks/10/enabled = true
tracks/10/path = NodePath("Armature/Skeleton3D:Hand_L")
tracks/10/interp = 1
tracks/10/loop_wrap = true
tracks/10/keys = PackedFloat32Array(0, 1, -0.421705, -0.0455068, 0.0913656, 0.90097, 0.5, 1, -0.421705, -0.0455068, 0.0913656, 0.90097)
tracks/11/type = "rotation_3d"
tracks/11/imported = false
tracks/11/enabled = true
tracks/11/path = NodePath("Armature/Skeleton3D:Thumb_01_L")
tracks/11/interp = 1
tracks/11/loop_wrap = true
tracks/11/keys = PackedFloat32Array(0, 1, 0.182019, 0.0160375, -0.0184037, 0.982992, 0.5, 1, 0.182019, 0.0160375, -0.0184037, 0.982992)
tracks/12/type = "rotation_3d"
tracks/12/imported = false
tracks/12/enabled = true
tracks/12/path = NodePath("Armature/Skeleton3D:Thumb_02_L")
tracks/12/interp = 1
tracks/12/loop_wrap = true
tracks/12/keys = PackedFloat32Array(0, 1, 0.12076, -0.0385043, 0.0880985, 0.988015, 0.5, 1, 0.12076, -0.0385043, 0.0880985, 0.988015)
tracks/13/type = "rotation_3d"
tracks/13/imported = false
tracks/13/enabled = true
tracks/13/path = NodePath("Armature/Skeleton3D:Thumb_03_L")
tracks/13/interp = 1
tracks/13/loop_wrap = true
tracks/13/keys = PackedFloat32Array(0, 1, 4.12063e-06, -1.11941e-05, 1.06397e-05, 1, 0.5, 1, 4.12063e-06, -1.11941e-05, 1.06397e-05, 1)
tracks/14/type = "rotation_3d"
tracks/14/imported = false
tracks/14/enabled = true
tracks/14/path = NodePath("Armature/Skeleton3D:Index_01_L")
tracks/14/interp = 1
tracks/14/loop_wrap = true
tracks/14/keys = PackedFloat32Array(0, 1, 0.390664, 0.0171193, -0.0314698, 0.919836, 0.5, 1, 0.390664, 0.0171193, -0.0314698, 0.919836)
tracks/15/type = "rotation_3d"
tracks/15/imported = false
tracks/15/enabled = true
tracks/15/path = NodePath("Armature/Skeleton3D:Index_02_L")
tracks/15/interp = 1
tracks/15/loop_wrap = true
tracks/15/keys = PackedFloat32Array(0, 1, 0.0106211, -0.00466588, 0.0541715, 0.998464, 0.5, 1, 0.0106211, -0.00466588, 0.0541715, 0.998464)
tracks/16/type = "rotation_3d"
tracks/16/imported = false
tracks/16/enabled = true
tracks/16/path = NodePath("Armature/Skeleton3D:Index_03_L")
tracks/16/interp = 1
tracks/16/loop_wrap = true
tracks/16/keys = PackedFloat32Array(0, 1, 4.62751e-07, -1.10939e-05, 9.88141e-06, 1, 0.5, 1, 4.62751e-07, -1.10939e-05, 9.88141e-06, 1)
tracks/17/type = "rotation_3d"
tracks/17/imported = false
tracks/17/enabled = true
tracks/17/path = NodePath("Armature/Skeleton3D:Ring_01_L")
tracks/17/interp = 1
tracks/17/loop_wrap = true
tracks/17/keys = PackedFloat32Array(0, 1, 0.472155, 0.0228749, -0.0530285, 0.879622, 0.5, 1, 0.472155, 0.0228749, -0.0530285, 0.879622)
tracks/18/type = "rotation_3d"
tracks/18/imported = false
tracks/18/enabled = true
tracks/18/path = NodePath("Armature/Skeleton3D:Ring_02_L")
tracks/18/interp = 1
tracks/18/loop_wrap = true
tracks/18/keys = PackedFloat32Array(0, 1, -0.0322209, 0.00497589, 0.0940152, 0.995037, 0.5, 1, -0.0322209, 0.00497589, 0.0940152, 0.995037)
tracks/19/type = "rotation_3d"
tracks/19/imported = false
tracks/19/enabled = true
tracks/19/path = NodePath("Armature/Skeleton3D:Ring_03_L")
tracks/19/interp = 1
tracks/19/loop_wrap = true
tracks/19/keys = PackedFloat32Array(0, 1, -3.89904e-07, 4.86126e-06, -3.99344e-06, 1, 0.5, 1, -3.89904e-07, 4.86126e-06, -3.99344e-06, 1)
tracks/20/type = "rotation_3d"
tracks/20/imported = false
tracks/20/enabled = true
tracks/20/path = NodePath("Armature/Skeleton3D:Clavicle_R")
tracks/20/interp = 1
tracks/20/loop_wrap = true
tracks/20/keys = PackedFloat32Array(0, 1, 0.0573761, -0.252632, -0.66204, 0.703269, 0.5, 1, 0.0573761, -0.252632, -0.66204, 0.703269)
tracks/21/type = "rotation_3d"
tracks/21/imported = false
tracks/21/enabled = true
tracks/21/path = NodePath("Armature/Skeleton3D:Upperarm_R")
tracks/21/interp = 1
tracks/21/loop_wrap = true
tracks/21/keys = PackedFloat32Array(0, 1, -0.200386, -0.0085163, -0.0341978, 0.979083, 0.5, 1, -0.200386, -0.0085163, -0.0341978, 0.979083)
tracks/22/type = "rotation_3d"
tracks/22/imported = false
tracks/22/enabled = true
tracks/22/path = NodePath("Armature/Skeleton3D:Lowerarm_R")
tracks/22/interp = 1
tracks/22/loop_wrap = true
tracks/22/keys = PackedFloat32Array(0, 1, -0.0332284, 0.000367813, 0.041209, 0.998598, 0.5, 1, -0.0220229, 0.0066877, 0.749288, 0.661844)
tracks/23/type = "rotation_3d"
tracks/23/imported = false
tracks/23/enabled = true
tracks/23/path = NodePath("Armature/Skeleton3D:Hand_R")
tracks/23/interp = 1
tracks/23/loop_wrap = true
tracks/23/keys = PackedFloat32Array(0, 1, -0.421711, 0.0454789, -0.0913098, 0.900974, 0.5, 1, -0.421711, 0.0454789, -0.0913098, 0.900974)
tracks/24/type = "rotation_3d"
tracks/24/imported = false
tracks/24/enabled = true
tracks/24/path = NodePath("Armature/Skeleton3D:Thumb_01_R")
tracks/24/interp = 1
tracks/24/loop_wrap = true
tracks/24/keys = PackedFloat32Array(0, 1, 0.182027, -0.0159699, 0.0183284, 0.982993, 0.5, 1, 0.182027, -0.0159699, 0.0183284, 0.982993)
tracks/25/type = "rotation_3d"
tracks/25/imported = false
tracks/25/enabled = true
tracks/25/path = NodePath("Armature/Skeleton3D:Thumb_02_R")
tracks/25/interp = 1
tracks/25/loop_wrap = true
tracks/25/keys = PackedFloat32Array(0, 1, 0.120747, 0.0384449, -0.08795, 0.988032, 0.5, 1, 0.120747, 0.0384449, -0.08795, 0.988032)
tracks/26/type = "rotation_3d"
tracks/26/imported = false
tracks/26/enabled = true
tracks/26/path = NodePath("Armature/Skeleton3D:Thumb_03_R")
tracks/26/interp = 1
tracks/26/loop_wrap = true
tracks/26/keys = PackedFloat32Array(0, 1, 1.3453e-06, -4.52332e-06, 8.47358e-06, 1, 0.5, 1, 1.3453e-06, -4.52332e-06, 8.47358e-06, 1)
tracks/27/type = "rotation_3d"
tracks/27/imported = false
tracks/27/enabled = true
tracks/27/path = NodePath("Armature/Skeleton3D:Index_01_R")
tracks/27/interp = 1
tracks/27/loop_wrap = true
tracks/27/keys = PackedFloat32Array(0, 1, 0.390671, -0.0170677, 0.0313715, 0.919838, 0.5, 1, 0.390671, -0.0170677, 0.0313715, 0.919838)
tracks/28/type = "rotation_3d"
tracks/28/imported = false
tracks/28/enabled = true
tracks/28/path = NodePath("Armature/Skeleton3D:Index_02_R")
tracks/28/interp = 1
tracks/28/loop_wrap = true
tracks/28/keys = PackedFloat32Array(0, 1, 0.0106195, 0.00466595, -0.054057, 0.99847, 0.5, 1, 0.0106195, 0.00466595, -0.054057, 0.99847)
tracks/29/type = "rotation_3d"
tracks/29/imported = false
tracks/29/enabled = true
tracks/29/path = NodePath("Armature/Skeleton3D:Index_03_R")
tracks/29/interp = 1
tracks/29/loop_wrap = true
tracks/29/keys = PackedFloat32Array(0, 1, -3.6438e-07, -6.66674e-06, 5.94139e-06, 1, 0.5, 1, -3.6438e-07, -6.66674e-06, 5.94139e-06, 1)
tracks/30/type = "rotation_3d"
tracks/30/imported = false
tracks/30/enabled = true
tracks/30/path = NodePath("Armature/Skeleton3D:Ring_01_R")
tracks/30/interp = 1
tracks/30/loop_wrap = true
tracks/30/keys = PackedFloat32Array(0, 1, 0.472161, -0.022854, 0.0529802, 0.879622, 0.5, 1, 0.472161, -0.022854, 0.0529802, 0.879622)
tracks/31/type = "rotation_3d"
tracks/31/imported = false
tracks/31/enabled = true
tracks/31/path = NodePath("Armature/Skeleton3D:Ring_02_R")
tracks/31/interp = 1
tracks/31/loop_wrap = true
tracks/31/keys = PackedFloat32Array(0, 1, -0.0322229, -0.00498487, -0.0940464, 0.995034, 0.5, 1, -0.0322229, -0.00498487, -0.0940464, 0.995034)
tracks/32/type = "rotation_3d"
tracks/32/imported = false
tracks/32/enabled = true
tracks/32/path = NodePath("Armature/Skeleton3D:Ring_03_R")
tracks/32/interp = 1
tracks/32/loop_wrap = true
tracks/32/keys = PackedFloat32Array(0, 1, -1.97149e-07, 1.37567e-06, -1.32876e-07, 1, 0.5, 1, -1.97149e-07, 1.37567e-06, -1.32876e-07, 1)
tracks/33/type = "rotation_3d"
tracks/33/imported = false
tracks/33/enabled = true
tracks/33/path = NodePath("Armature/Skeleton3D:Thigh_L")
tracks/33/interp = 1
tracks/33/loop_wrap = true
tracks/33/keys = PackedFloat32Array(0, 1, 0.0055957, -0.149289, 0.987599, 0.0482604, 0.5, 1, 0.0055957, -0.149289, 0.987599, 0.0482604)
tracks/34/type = "rotation_3d"
tracks/34/imported = false
tracks/34/enabled = true
tracks/34/path = NodePath("Armature/Skeleton3D:Calf_L")
tracks/34/interp = 1
tracks/34/loop_wrap = true
tracks/34/keys = PackedFloat32Array(0, 1, 0.140265, -0.00277546, -0.0260871, 0.989766, 0.5, 1, 0.140265, -0.00277546, -0.0260871, 0.989766)
tracks/35/type = "rotation_3d"
tracks/35/imported = false
tracks/35/enabled = true
tracks/35/path = NodePath("Armature/Skeleton3D:Foot_L")
tracks/35/interp = 1
tracks/35/loop_wrap = true
tracks/35/keys = PackedFloat32Array(0, 1, -0.627152, -0.00678012, 0.0147365, 0.778728, 0.5, 1, -0.627152, -0.00678012, 0.0147365, 0.778728)
tracks/36/type = "rotation_3d"
tracks/36/imported = false
tracks/36/enabled = true
tracks/36/path = NodePath("Armature/Skeleton3D:Ball_L")
tracks/36/interp = 1
tracks/36/loop_wrap = true
tracks/36/keys = PackedFloat32Array(0, 1, 1.56346e-07, -1.51497e-06, 2.89968e-07, 1, 0.5, 1, 1.56346e-07, -1.51497e-06, 2.89968e-07, 1)
tracks/37/type = "rotation_3d"
tracks/37/imported = false
tracks/37/enabled = true
tracks/37/path = NodePath("Armature/Skeleton3D:Thigh_R")
tracks/37/interp = 1
tracks/37/loop_wrap = true
tracks/37/keys = PackedFloat32Array(0, 1, -0.00559276, -0.149283, 0.9876, -0.04826, 0.5, 1, -0.00559276, -0.149283, 0.9876, -0.04826)
tracks/38/type = "rotation_3d"
tracks/38/imported = false
tracks/38/enabled = true
tracks/38/path = NodePath("Armature/Skeleton3D:Calf_R")
tracks/38/interp = 1
tracks/38/loop_wrap = true
tracks/38/keys = PackedFloat32Array(0, 1, 0.140265, 0.00277542, 0.0260867, 0.989766, 0.5, 1, 0.140265, 0.00277542, 0.0260867, 0.989766)
tracks/39/type = "rotation_3d"
tracks/39/imported = false
tracks/39/enabled = true
tracks/39/path = NodePath("Armature/Skeleton3D:Foot_R")
tracks/39/interp = 1
tracks/39/loop_wrap = true
tracks/39/keys = PackedFloat32Array(0, 1, -0.627153, 0.00678061, -0.0147371, 0.778727, 0.5, 1, -0.627153, 0.00678061, -0.0147371, 0.778727)
tracks/40/type = "rotation_3d"
tracks/40/imported = false
tracks/40/enabled = true
tracks/40/path = NodePath("Armature/Skeleton3D:Ball_R")
tracks/40/interp = 1
tracks/40/loop_wrap = true
tracks/40/keys = PackedFloat32Array(0, 1, 2.71713e-07, -1.81213e-07, 1.30019e-08, 1, 0.5, 1, 2.71713e-07, -1.81213e-07, 1.30019e-08, 1)

[sub_resource type="Animation" id="Animation_mjt0n"]
length = 0.001
tracks/0/type = "rotation_3d"
tracks/0/imported = false
tracks/0/enabled = true
tracks/0/path = NodePath("Armature/Skeleton3D:Root")
tracks/0/interp = 1
tracks/0/loop_wrap = true
tracks/0/keys = PackedFloat32Array(0, 1, 1.05329e-09, 0.999903, 0.0139615, -7.54906e-08)
tracks/1/type = "rotation_3d"
tracks/1/imported = false
tracks/1/enabled = true
tracks/1/path = NodePath("Armature/Skeleton3D:Pelvis")
tracks/1/interp = 1
tracks/1/loop_wrap = true
tracks/1/keys = PackedFloat32Array(0, 1, -0.118373, -4.55211e-08, -2.33771e-09, 0.992969)
tracks/2/type = "rotation_3d"
tracks/2/imported = false
tracks/2/enabled = true
tracks/2/path = NodePath("Armature/Skeleton3D:Spine_01")
tracks/2/interp = 1
tracks/2/loop_wrap = true
tracks/2/keys = PackedFloat32Array(0, 1, 0.146572, -7.17804e-08, -4.075e-08, 0.9892)
tracks/3/type = "rotation_3d"
tracks/3/imported = false
tracks/3/enabled = true
tracks/3/path = NodePath("Armature/Skeleton3D:Spine_02")
tracks/3/interp = 1
tracks/3/loop_wrap = true
tracks/3/keys = PackedFloat32Array(0, 1, 0.0526154, 1.27233e-08, -1.79415e-08, 0.998615)
tracks/4/type = "rotation_3d"
tracks/4/imported = false
tracks/4/enabled = true
tracks/4/path = NodePath("Armature/Skeleton3D:Spine_03")
tracks/4/interp = 1
tracks/4/loop_wrap = true
tracks/4/keys = PackedFloat32Array(0, 1, 0.0743716, 1.0248e-08, -1.65091e-08, 0.997231)
tracks/5/type = "rotation_3d"
tracks/5/imported = false
tracks/5/enabled = true
tracks/5/path = NodePath("Armature/Skeleton3D:Neck_01")
tracks/5/interp = 1
tracks/5/loop_wrap = true
tracks/5/keys = PackedFloat32Array(0, 1, -0.348421, -1.15318e-08, 2.87373e-08, 0.937338)
tracks/6/type = "rotation_3d"
tracks/6/imported = false
tracks/6/enabled = true
tracks/6/path = NodePath("Armature/Skeleton3D:Head")
tracks/6/interp = 1
tracks/6/loop_wrap = true
tracks/6/keys = PackedFloat32Array(0, 1, -5.88596e-07, -6.03011e-10, -5.20506e-10, 1)
tracks/7/type = "rotation_3d"
tracks/7/imported = false
tracks/7/enabled = true
tracks/7/path = NodePath("Armature/Skeleton3D:Clavicle_L")
tracks/7/interp = 1
tracks/7/loop_wrap = true
tracks/7/keys = PackedFloat32Array(0, 1, 0.124446, 0.315368, 0.635497, 0.693685)
tracks/8/type = "rotation_3d"
tracks/8/imported = false
tracks/8/enabled = true
tracks/8/path = NodePath("Armature/Skeleton3D:Upperarm_L")
tracks/8/interp = 1
tracks/8/loop_wrap = true
tracks/8/keys = PackedFloat32Array(0, 1, -0.29728, 0.00890972, 0.0254961, 0.954408)
tracks/9/type = "rotation_3d"
tracks/9/imported = false
tracks/9/enabled = true
tracks/9/path = NodePath("Armature/Skeleton3D:Lowerarm_L")
tracks/9/interp = 1
tracks/9/loop_wrap = true
tracks/9/keys = PackedFloat32Array(0, 1, -0.0292709, -0.000168942, -0.0341804, 0.998987)
tracks/10/type = "rotation_3d"
tracks/10/imported = false
tracks/10/enabled = true
tracks/10/path = NodePath("Armature/Skeleton3D:Hand_L")
tracks/10/interp = 1
tracks/10/loop_wrap = true
tracks/10/keys = PackedFloat32Array(0, 1, -0.421705, -0.0455068, 0.0913656, 0.90097)
tracks/11/type = "rotation_3d"
tracks/11/imported = false
tracks/11/enabled = true
tracks/11/path = NodePath("Armature/Skeleton3D:Thumb_01_L")
tracks/11/interp = 1
tracks/11/loop_wrap = true
tracks/11/keys = PackedFloat32Array(0, 1, 0.182019, 0.0160375, -0.0184037, 0.982992)
tracks/12/type = "rotation_3d"
tracks/12/imported = false
tracks/12/enabled = true
tracks/12/path = NodePath("Armature/Skeleton3D:Thumb_02_L")
tracks/12/interp = 1
tracks/12/loop_wrap = true
tracks/12/keys = PackedFloat32Array(0, 1, 0.12076, -0.0385043, 0.0880985, 0.988015)
tracks/13/type = "rotation_3d"
tracks/13/imported = false
tracks/13/enabled = true
tracks/13/path = NodePath("Armature/Skeleton3D:Thumb_03_L")
tracks/13/interp = 1
tracks/13/loop_wrap = true
tracks/13/keys = PackedFloat32Array(0, 1, 4.12063e-06, -1.11941e-05, 1.06397e-05, 1)
tracks/14/type = "rotation_3d"
tracks/14/imported = false
tracks/14/enabled = true
tracks/14/path = NodePath("Armature/Skeleton3D:Index_01_L")
tracks/14/interp = 1
tracks/14/loop_wrap = true
tracks/14/keys = PackedFloat32Array(0, 1, 0.390664, 0.0171193, -0.0314698, 0.919836)
tracks/15/type = "rotation_3d"
tracks/15/imported = false
tracks/15/enabled = true
tracks/15/path = NodePath("Armature/Skeleton3D:Index_02_L")
tracks/15/interp = 1
tracks/15/loop_wrap = true
tracks/15/keys = PackedFloat32Array(0, 1, 0.0106211, -0.00466588, 0.0541715, 0.998464)
tracks/16/type = "rotation_3d"
tracks/16/imported = false
tracks/16/enabled = true
tracks/16/path = NodePath("Armature/Skeleton3D:Index_03_L")
tracks/16/interp = 1
tracks/16/loop_wrap = true
tracks/16/keys = PackedFloat32Array(0, 1, 4.62751e-07, -1.10939e-05, 9.88141e-06, 1)
tracks/17/type = "rotation_3d"
tracks/17/imported = false
tracks/17/enabled = true
tracks/17/path = NodePath("Armature/Skeleton3D:Ring_01_L")
tracks/17/interp = 1
tracks/17/loop_wrap = true
tracks/17/keys = PackedFloat32Array(0, 1, 0.472155, 0.0228749, -0.0530285, 0.879622)
tracks/18/type = "rotation_3d"
tracks/18/imported = false
tracks/18/enabled = true
tracks/18/path = NodePath("Armature/Skeleton3D:Ring_02_L")
tracks/18/interp = 1
tracks/18/loop_wrap = true
tracks/18/keys = PackedFloat32Array(0, 1, -0.0322209, 0.00497589, 0.0940152, 0.995037)
tracks/19/type = "rotation_3d"
tracks/19/imported = false
tracks/19/enabled = true
tracks/19/path = NodePath("Armature/Skeleton3D:Ring_03_L")
tracks/19/interp = 1
tracks/19/loop_wrap = true
tracks/19/keys = PackedFloat32Array(0, 1, -3.89904e-07, 4.86126e-06, -3.99344e-06, 1)
tracks/20/type = "rotation_3d"
tracks/20/imported = false
tracks/20/enabled = true
tracks/20/path = NodePath("Armature/Skeleton3D:Clavicle_R")
tracks/20/interp = 1
tracks/20/loop_wrap = true
tracks/20/keys = PackedFloat32Array(0, 1, 0.0573761, -0.252632, -0.66204, 0.703269)
tracks/21/type = "rotation_3d"
tracks/21/imported = false
tracks/21/enabled = true
tracks/21/path = NodePath("Armature/Skeleton3D:Upperarm_R")
tracks/21/interp = 1
tracks/21/loop_wrap = true
tracks/21/keys = PackedFloat32Array(0, 1, -0.200386, -0.0085163, -0.0341978, 0.979083)
tracks/22/type = "rotation_3d"
tracks/22/imported = false
tracks/22/enabled = true
tracks/22/path = NodePath("Armature/Skeleton3D:Lowerarm_R")
tracks/22/interp = 1
tracks/22/loop_wrap = true
tracks/22/keys = PackedFloat32Array(0, 1, -0.0332284, 0.000367813, 0.041209, 0.998598)
tracks/23/type = "rotation_3d"
tracks/23/imported = false
tracks/23/enabled = true
tracks/23/path = NodePath("Armature/Skeleton3D:Hand_R")
tracks/23/interp = 1
tracks/23/loop_wrap = true
tracks/23/keys = PackedFloat32Array(0, 1, -0.421711, 0.0454789, -0.0913098, 0.900974)
tracks/24/type = "rotation_3d"
tracks/24/imported = false
tracks/24/enabled = true
tracks/24/path = NodePath("Armature/Skeleton3D:Thumb_01_R")
tracks/24/interp = 1
tracks/24/loop_wrap = true
tracks/24/keys = PackedFloat32Array(0, 1, 0.182027, -0.0159699, 0.0183284, 0.982993)
tracks/25/type = "rotation_3d"
tracks/25/imported = false
tracks/25/enabled = true
tracks/25/path = NodePath("Armature/Skeleton3D:Thumb_02_R")
tracks/25/interp = 1
tracks/25/loop_wrap = true
tracks/25/keys = PackedFloat32Array(0, 1, 0.120747, 0.0384449, -0.08795, 0.988032)
tracks/26/type = "rotation_3d"
tracks/26/imported = false
tracks/26/enabled = true
tracks/26/path = NodePath("Armature/Skeleton3D:Thumb_03_R")
tracks/26/interp = 1
tracks/26/loop_wrap = true
tracks/26/keys = PackedFloat32Array(0, 1, 1.3453e-06, -4.52332e-06, 8.47358e-06, 1)
tracks/27/type = "rotation_3d"
tracks/27/imported = false
tracks/27/enabled = true
tracks/27/path = NodePath("Armature/Skeleton3D:Index_01_R")
tracks/27/interp = 1
tracks/27/loop_wrap = true
tracks/27/keys = PackedFloat32Array(0, 1, 0.390671, -0.0170677, 0.0313715, 0.919838)
tracks/28/type = "rotation_3d"
tracks/28/imported = false
tracks/28/enabled = true
tracks/28/path = NodePath("Armature/Skeleton3D:Index_02_R")
tracks/28/interp = 1
tracks/28/loop_wrap = true
tracks/28/keys = PackedFloat32Array(0, 1, 0.0106195, 0.00466595, -0.054057, 0.99847)
tracks/29/type = "rotation_3d"
tracks/29/imported = false
tracks/29/enabled = true
tracks/29/path = NodePath("Armature/Skeleton3D:Index_03_R")
tracks/29/interp = 1
tracks/29/loop_wrap = true
tracks/29/keys = PackedFloat32Array(0, 1, -3.6438e-07, -6.66674e-06, 5.94139e-06, 1)
tracks/30/type = "rotation_3d"
tracks/30/imported = false
tracks/30/enabled = true
tracks/30/path = NodePath("Armature/Skeleton3D:Ring_01_R")
tracks/30/interp = 1
tracks/30/loop_wrap = true
tracks/30/keys = PackedFloat32Array(0, 1, 0.472161, -0.022854, 0.0529802, 0.879622)
tracks/31/type = "rotation_3d"
tracks/31/imported = false
tracks/31/enabled = true
tracks/31/path = NodePath("Armature/Skeleton3D:Ring_02_R")
tracks/31/interp = 1
tracks/31/loop_wrap = true
tracks/31/keys = PackedFloat32Array(0, 1, -0.0322229, -0.00498487, -0.0940464, 0.995034)
tracks/32/type = "rotation_3d"
tracks/32/imported = false
tracks/32/enabled = true
tracks/32/path = NodePath("Armature/Skeleton3D:Ring_03_R")
tracks/32/interp = 1
tracks/32/loop_wrap = true
tracks/32/keys = PackedFloat32Array(0, 1, -1.97149e-07, 1.37567e-06, -1.32876e-07, 1)
tracks/33/type = "rotation_3d"
tracks/33/imported = false
tracks/33/enabled = true
tracks/33/path = NodePath("Armature/Skeleton3D:Thigh_L")
tracks/33/interp = 1
tracks/33/loop_wrap = true
tracks/33/keys = PackedFloat32Array(0, 1, 0.0055957, -0.149289, 0.987599, 0.0482604)
tracks/34/type = "rotation_3d"
tracks/34/imported = false
tracks/34/enabled = true
tracks/34/path = NodePath("Armature/Skeleton3D:Calf_L")
tracks/34/interp = 1
tracks/34/loop_wrap = true
tracks/34/keys = PackedFloat32Array(0, 1, 0.140265, -0.00277546, -0.0260871, 0.989766)
tracks/35/type = "rotation_3d"
tracks/35/imported = false
tracks/35/enabled = true
tracks/35/path = NodePath("Armature/Skeleton3D:Foot_L")
tracks/35/interp = 1
tracks/35/loop_wrap = true
tracks/35/keys = PackedFloat32Array(0, 1, -0.627152, -0.00678012, 0.0147365, 0.778728)
tracks/36/type = "rotation_3d"
tracks/36/imported = false
tracks/36/enabled = true
tracks/36/path = NodePath("Armature/Skeleton3D:Ball_L")
tracks/36/interp = 1
tracks/36/loop_wrap = true
tracks/36/keys = PackedFloat32Array(0, 1, 1.56346e-07, -1.51497e-06, 2.89968e-07, 1)
tracks/37/type = "rotation_3d"
tracks/37/imported = false
tracks/37/enabled = true
tracks/37/path = NodePath("Armature/Skeleton3D:Thigh_R")
tracks/37/interp = 1
tracks/37/loop_wrap = true
tracks/37/keys = PackedFloat32Array(0, 1, -0.00559276, -0.149283, 0.9876, -0.04826)
tracks/38/type = "rotation_3d"
tracks/38/imported = false
tracks/38/enabled = true
tracks/38/path = NodePath("Armature/Skeleton3D:Calf_R")
tracks/38/interp = 1
tracks/38/loop_wrap = true
tracks/38/keys = PackedFloat32Array(0, 1, 0.140265, 0.00277542, 0.0260867, 0.989766)
tracks/39/type = "rotation_3d"
tracks/39/imported = false
tracks/39/enabled = true
tracks/39/path = NodePath("Armature/Skeleton3D:Foot_R")
tracks/39/interp = 1
tracks/39/loop_wrap = true
tracks/39/keys = PackedFloat32Array(0, 1, -0.627153, 0.00678061, -0.0147371, 0.778727)
tracks/40/type = "rotation_3d"
tracks/40/imported = false
tracks/40/enabled = true
tracks/40/path = NodePath("Armature/Skeleton3D:Ball_R")
tracks/40/interp = 1
tracks/40/loop_wrap = true
tracks/40/keys = PackedFloat32Array(0, 1, 2.71713e-07, -1.81213e-07, 1.30019e-08, 1)

[sub_resource type="AnimationLibrary" id="AnimationLibrary_k5eq4"]
_data = {
"RESET": SubResource("Animation_mjt0n"),
"arms_down": SubResource("Animation_u1g37")
}

[node name="Peasant1" instance=ExtResource("1_lq56h")]

[node name="Skeleton3D" parent="RootNode/Armature" index="0"]
bones/0/rest = Transform3D(-1, 4.2143e-09, -1.50937e-07, -1.55276e-12, 0.99961, 0.0279204, 1.50996e-07, 0.0279204, -0.99961, 0, 0, 0)
bones/0/rotation = Quaternion(1.05329e-09, 0.999903, 0.0139615, -7.54906e-08)
bones/0/scale = Vector3(1, 1, 1)
bones/1/rest = Transform3D(1, 1.54195e-08, -8.98486e-08, 6.13439e-09, 0.971976, 0.235082, 9.09555e-08, -0.235082, 0.971976, -1.10034e-12, 0.00923184, -2.44007e-09)
bones/1/rotation = Quaternion(-0.118373, -4.55211e-08, -2.33771e-09, 0.992969)
bones/2/rest = Transform3D(1, 5.95779e-08, -1.53956e-07, -1.01662e-07, 0.957034, -0.289977, 1.30065e-07, 0.289978, 0.957034, -3.39813e-12, 0.000658095, -4.59328e-08)
bones/2/rotation = Quaternion(0.146572, -7.17804e-08, -4.075e-08, 0.9892)
bones/4/rest = Transform3D(1, 3.44511e-08, 1.79836e-08, -3.14024e-08, 0.988937, -0.148331, -2.28949e-08, 0.148331, 0.988938, 2.89175e-13, 0.00185329, -1.64844e-08)
bones/4/rotation = Quaternion(0.0743716, 1.0248e-08, -1.65091e-08, 0.997231)
bones/4/scale = Vector3(1, 0.999999, 1)
bones/5/rest = Transform3D(1, -4.58373e-08, -4.16437e-08, 6.19089e-08, 0.757206, 0.653177, 1.59299e-09, -0.653177, 0.757207, 3.78499e-13, 0.0011839, -4.98816e-08)
bones/5/rotation = Quaternion(-0.348421, -1.15318e-08, 2.87373e-08, 0.937338)
bones/7/rest = Transform3D(-0.00662744, -0.803177, 0.595703, 0.960163, 0.161313, 0.228178, -0.279362, 0.573484, 0.770112, -0.000744724, 0.000266661, -0.000558701)
bones/7/rotation = Quaternion(0.124446, 0.315368, 0.635497, 0.693685)
bones/7/scale = Vector3(1, 0.999999, 1)
bones/8/rest = Transform3D(0.998542, -0.0539647, 0.0018481, 0.04337, 0.82195, 0.567907, -0.032166, -0.566998, 0.823092, -0.000122572, 0.00136991, -0.000244126)
bones/8/rotation = Quaternion(-0.29728, 0.00890972, 0.0254961, 0.954408)
bones/8/scale = Vector3(1, 1, 1)
bones/9/rest = Transform3D(0.997663, 0.0683015, 0.00166344, -0.0682817, 0.99595, 0.058494, 0.00233853, -0.058471, 0.998286, 0.000108119, 0.0020102, 7.85977e-06)
bones/9/position = Vector3(0.000108119, 0.0020102, 7.85976e-06)
bones/9/rotation = Quaternion(-0.0292709, -0.000168942, -0.0341804, 0.998987)
bones/9/scale = Vector3(1, 0.999999, 1)
bones/10/rest = Transform3D(0.979163, -0.126254, -0.159059, 0.203016, 0.627635, 0.751571, 0.00494206, -0.768202, 0.640189, -1.22496e-07, 0.00240155, -4.08536e-08)
bones/10/rotation = Quaternion(-0.421705, -0.0455068, 0.0913656, 0.90097)
bones/11/rest = Transform3D(0.998808, 0.0420197, 0.0248298, -0.0303432, 0.933061, -0.358436, -0.0382291, 0.357255, 0.933224, 6.46561e-07, 0.000495446, -1.47466e-07)
bones/11/rotation = Quaternion(0.182019, 0.0160375, -0.0184037, 0.982992)
bones/11/scale = Vector3(1, 1, 1)
bones/12/rest = Transform3D(0.981512, -0.183385, -0.0548081, 0.164786, 0.955312, -0.24541, 0.0973633, 0.231841, 0.967868, -3.06984e-07, 0.000538459, 1.75089e-08)
bones/12/rotation = Quaternion(0.12076, -0.0385043, 0.0880985, 0.988015)
bones/12/scale = Vector3(1, 1, 0.999999)
bones/15/rest = Transform3D(0.994088, -0.108276, -0.0081667, 0.108077, 0.993906, -0.0217151, 0.0104682, 0.0207041, 0.99973, -6.38672e-07, 0.000415918, -1.73226e-08)
bones/15/rotation = Quaternion(0.0106211, -0.00466588, 0.0541715, 0.998464)
bones/15/scale = Vector3(1, 1, 0.999999)
bones/17/rest = Transform3D(0.99333, 0.114891, -0.00983274, -0.0716891, 0.548515, -0.833061, -0.0903179, 0.828209, 0.553093, 0.000252864, 0.00038407, 0.000837566)
bones/17/rotation = Quaternion(0.472155, 0.0228749, -0.0530285, 0.879622)
bones/17/scale = Vector3(1, 1, 1)
bones/18/rest = Transform3D(0.982272, -0.187418, 0.00384388, 0.186776, 0.980246, 0.0650575, -0.0159609, -0.0631863, 0.997874, 4.09506e-10, 0.000368717, -2.79397e-11)
bones/18/rotation = Quaternion(-0.0322209, 0.00497589, 0.0940152, 0.995037)
bones/18/scale = Vector3(1, 1, 1)
bones/20/rest = Transform3D(-0.00424039, 0.902195, -0.431307, -0.960175, 0.116821, 0.253803, 0.279366, 0.415207, 0.86577, 0.000744709, 0.000266494, -0.000558638)
bones/20/rotation = Quaternion(0.0573761, -0.252632, -0.66204, 0.703269)
bones/20/scale = Vector3(1, 1, 1)
bones/21/rest = Transform3D(0.997517, 0.0703781, -0.00297082, -0.063552, 0.917352, 0.392971, 0.0303819, -0.391806, 0.919546, 0.000125269, 0.00140979, 1.32303e-05)
bones/21/rotation = Quaternion(-0.200386, -0.0085163, -0.0341978, 0.979083)
bones/21/scale = Vector3(1, 1, 1)
bones/22/rest = Transform3D(0.996603, -0.0823269, -0.00200403, 0.082278, 0.994395, 0.066394, -0.00347322, -0.0663334, 0.997792, -0.000107731, 0.00201986, -2.53763e-05)
bones/22/rotation = Quaternion(-0.0332284, 0.000367813, 0.041209, 0.998598)
bones/22/scale = Vector3(1, 1, 1)
bones/23/rest = Transform3D(0.979188, 0.126178, 0.158963, -0.202893, 0.627644, 0.751597, -0.0049378, -0.768207, 0.640183, -2.90707e-07, 0.00240155, 3.31161e-08)
bones/23/rotation = Quaternion(-0.421711, 0.0454789, -0.0913098, 0.900974)
bones/24/rest = Transform3D(0.998819, -0.0418474, -0.0247241, 0.0302195, 0.933061, -0.358449, 0.0380693, 0.357278, 0.933222, -1.41482e-07, 0.000495587, -3.78489e-08)
bones/24/rotation = Quaternion(0.182027, -0.0159699, 0.0183284, 0.982993)
bones/24/scale = Vector3(1, 1, 1)
bones/25/rest = Transform3D(0.981573, 0.183079, 0.0547302, -0.164511, 0.95537, -0.245367, -0.097209, 0.231842, 0.967885, -3.05081e-07, 0.000538556, 2.37301e-08)
bones/25/rotation = Quaternion(0.120747, 0.0384449, -0.08795, 0.988032)
bones/25/scale = Vector3(0.999999, 1, 1)
bones/27/rest = Transform3D(0.99745, -0.071049, -0.00688724, 0.0443777, 0.692784, -0.719778, 0.0559109, 0.717636, 0.69417, -0.000314531, 0.000739837, 0.000521883)
bones/27/rotation = Quaternion(0.390671, -0.0170677, 0.0313715, 0.919838)
bones/27/scale = Vector3(1, 1, 1)
bones/28/rest = Transform3D(0.994112, 0.108048, 0.00816951, -0.10785, 0.99393, -0.0217111, -0.0104657, 0.0207021, 0.999731, -1.60941e-07, 0.000415962, 6.07222e-08)
bones/28/rotation = Quaternion(0.0106195, 0.00466595, -0.054057, 0.99847)
bones/30/rest = Transform3D(0.993342, -0.114786, 0.00982454, 0.0716236, 0.548514, -0.833067, 0.0902361, 0.828223, 0.553084, -0.000252325, 0.000384175, 0.000837675)
bones/30/rotation = Quaternion(0.472161, -0.022854, 0.0529802, 0.879622)
bones/30/scale = Vector3(1, 0.999999, 1)
bones/33/rest = Transform3D(-0.995279, -0.0969945, -0.00335688, 0.093653, -0.950767, -0.295416, 0.0254621, -0.294335, 0.955364, -0.00098967, -0.000294363, -0.000170486)
bones/33/rotation = Quaternion(0.0055957, -0.149289, 0.987599, 0.0482604)
bones/33/scale = Vector3(1, 1, 1)
bones/34/rest = Transform3D(0.998625, 0.0508617, -0.0128123, -0.0524189, 0.959291, -0.277513, -0.00182407, 0.277803, 0.960636, 4.44934e-08, 0.00391063, 3.89531e-08)
bones/34/rotation = Quaternion(0.140265, -0.00277546, -0.0260871, 0.989766)
bones/34/scale = Vector3(1, 1, 0.999999)
bones/35/rest = Transform3D(0.999472, -0.0144471, -0.0290438, 0.0314557, 0.212926, 0.976561, -0.00792434, -0.976961, 0.213268, -3.87267e-08, 0.00424125, -4.22075e-08)
bones/35/rotation = Quaternion(-0.627152, -0.00678012, 0.0147365, 0.778728)
bones/35/scale = Vector3(0.999998, 0.999999, 0.999999)
bones/37/rest = Transform3D(-0.995279, 0.0969928, 0.00336197, -0.0936532, -0.95077, -0.295404, -0.0254556, -0.294324, 0.955367, 0.000989657, -0.000294372, -0.000170486)
bones/37/rotation = Quaternion(-0.00559276, -0.149283, 0.9876, -0.04826)
bones/37/scale = Vector3(0.999999, 0.999999, 1)
bones/38/rest = Transform3D(0.998624, -0.0508609, 0.0128121, 0.0524181, 0.95929, -0.277514, 0.00182406, 0.277803, 0.960636, -9.60489e-09, 0.00391086, 4.44474e-08)
bones/38/rotation = Quaternion(0.140265, 0.00277542, 0.0260867, 0.989766)
bones/38/scale = Vector3(1, 1, 0.999999)
bones/39/rest = Transform3D(0.999473, 0.0144474, 0.0290453, -0.0314572, 0.212925, 0.976563, 0.00792428, -0.976962, 0.213267, 2.45614e-08, 0.00424121, 1.1404e-08)
bones/39/rotation = Quaternion(-0.627153, 0.00678061, -0.0147371, 0.778727)

[node name="peasant_1" parent="RootNode/Armature/Skeleton3D" index="0"]
surface_material_override/0 = SubResource("StandardMaterial3D_24dk4")

[node name="StaticBody3D" type="StaticBody3D" parent="RootNode/Armature/Skeleton3D/peasant_1" index="0"]

[node name="CollisionShape3D" type="CollisionShape3D" parent="RootNode/Armature/Skeleton3D/peasant_1/StaticBody3D" index="0"]
transform = Transform3D(1, 0, 0, 0, 1, 4.37114e-08, 0, -4.37114e-08, 1, 0, 0.00609537, -2.66437e-10)
shape = SubResource("CapsuleShape3D_05gq0")

[node name="AnimationPlayer" type="AnimationPlayer" parent="RootNode" index="1"]
libraries = {
"": SubResource("AnimationLibrary_k5eq4")
}
